5.82601737858088
5.64320808092319
5.8055323218079
6.06946580192158
6.09054719188806
5.89333729269174
5.31821380385488
5.6411127412488
4.46358596562253
5.63851411495885
4.6796208868485
4.03009179164844
7.01363164770963
3.6268287266032
6.58466497755994
4.38761300432565
4.43484798814587
4.19319782967633
4.55526058299541
3.80899842045638
5.19447431743267
4.0279209766076
5.00630623919653
5.22558218831663
6.14200312805952
5.48190426407699
5.93089923244175
5.47851168055799
5.00946488284724
5.62978567090797
3.59655839373412
4.17901378177411
4.02155348447842
4.75169093174058
6.25792264070837
5.74156075965511
5.76197102087672
5.0585938619478
4.4373230062655
5.09738236968401
6.46311761855109
4.89092355781862
5.58376422567042
4.11782106752966
3.74090590711017
4.56615771978831
4.98598963406119
3.35045002976684
5.20450351622664
4.65477378902257
3.20299089349078
6.94561493135685
5.37241981910178
2.87242993930526
5.69436145134012
5.07796149921141
4.44311404191643
5.77761773884716
4.3264957512538
4.47347654708625
5.99515122648102
5.60778021293909
3.51862074460222
4.84545930423884
4.20578604057129
4.90936837234132
6.53347861825472
4.73853802987225
5.53634624001424
5.79863049015559
4.57226524499072
5.16165229692909
3.48823340592932
5.37607286254074
4.5945130610302
5.57285373584486
4.50433782517698
6.47762895757395
5.95251849119564
6.89590009163415
4.40990584932599
3.2783144038298
4.53805992400026
5.2141892158737
5.04421744199727
5.58880698533201
3.99131834956526
5.33935264726301
3.4348241581959
3.80244132072823
4.71096136736133
5.56139255403035
4.46623582550386
4.90881485915526
4.6436207859576
4.91563033093555
4.67590669803891
6.36131595531236
6.44165984106518
4.86544457634967
5.64280597082321
5.79957226789457
5.38980369846868
4.60901524924078
4.55186205495001
6.06054113675464
4.47864660279185
5.75809441422855
4.85557551432473
4.01693236430498
6.01469665459358
7.07283126246907
4.26718932702463
7.1660674240767
4.66990340364294
4.26991779672044
3.20472193666113
3.98582501434412
5.40200053510954
5.72817259775273
5.93025200975325
5.01474408579341
5.26826885944717
4.90609589173892
5.43200197098424
5.31591968183768
4.42382306381873
2.83609325054427
4.24430498972543
3.04149888196843
5.15056940884747
4.37522101676345
5.32777579712735
6.60010966573885
4.90073583184614
4.17923641787761
5.36645324042452
5.2906273180505
4.55815436983233
5.39371001866706
4.47867222452797
5.07390136285937
5.89842607621512
5.67305772574714
4.58744466629002
5.13830264342129
3.32082566316306
4.32086112937933
4.62374425427458
5.95033373817116
6.588604660432
4.2574773410279
5.8214364236701
6.31611715002429
5.20845181959376
5.86329077360386
6.21762731276632
6.10620188092507
6.17239398274167
4.39383237939631
7.33250203016225
4.7361042424047
6.40786400992516
5.2099229183815
6.11058991761562
4.46439665698288
2.77099206783074
5.58920176802818
3.92710044426202
5.60515830991612
4.34762894419054
7.38103638741717
5.23569496599981
3.79944434462283
7.05409955397746
2.74319996918205
5.07718315414611
4.6830883515339
6.0498454349371
3.84026643928927
4.10752292237481
4.01751173800101
3.32145618529546
7.23547460501472
5.10538169761706
3.97871691003731
4.64449529803148
3.89323485018698
5.17597913897107
6.09171042878391
2.8730737639645
6.32487639956899
5.20084244672382
2.32867252755074
6.42265590819535
5.05860116149358
5.34618913267136
6.23920710576561
6.01406720563713
5.3167414170969
5.19313712716517
4.0776856000957
4.93012719041034
3.31482276480004
6.62566644440682
4.34471841222877
6.09726471532021
4.69621987937513
5.0150454426908
5.82392399641899
4.76374679211951
5.7510258401137
2.57130410248555
4.20583897497017
5.22746535377524
4.59927285398278
4.23293465837189
5.85999101946193
6.6828569236089
6.27598265201735
3.71139259591473
3.85524597719936
6.41487615873336
5.10302732185237
4.81405890760428
7.53278551907125
6.16776302152238
4.95790751464096
6.26610637327374
4.38763807301974
3.42394958510088
5.14475179244136
4.68712087848634
5.50670832312033
4.85652420246133
2.98200017752788
5.65087720583023
3.96757374545751
7.07677518668798
5.40681861932579
3.77594130844563
3.4449852112002
5.95810574623413
5.6091890989799
4.36256927084781
6.11652252672586
3.22886334254094
2.83101834854389
3.83056689610272
7.91392841136118
4.6270092882215
5.52026206568845
4.88087117661071
5.43756924189744
5.61034358624284
3.28526363163775
4.66404237634469
6.7648033858146
4.34746267057544
4.71613677534146
5.71850201138313
4.36890747376819
5.37985915173442
4.8544765288527
5.882856186834
4.76197945849727
4.90023363161144
4.24352605452633
4.42822534431171
4.21724081386516
3.87357165267312
3.64788282176875
3.7122789603353
3.75542643895477
6.55566167349843
4.17565582644052
4.97443147943066
2.51149089797642
3.5983648416935
4.30960534233168
5.25962340795237
6.42012907250621
4.16414955472769
5.09545220338939
5.7411183081624
4.54237224830154
5.75573839375463
5.59624361351975
4.82620352392128
4.42071735254762
5.20707577395942
4.0749921563861
5.51907116726453
3.27082298455003
7.26865218263624
5.02644088825365
6.36048533259857
4.98575922164906
4.95097755346516
4.48349108816291
5.84743960355808
4.0897033263002
5.8529443154062
5.46336976356618
1.24659505713697
4.75364524401865
4.77988768975956
5.58424513994458
6.30139967102336
5.45928942630408
4.15007857508289
5.76101406677224
3.74004963801082
6.13165798223358
5.05790767151433
5.52358806480519
4.07977369041335
5.27785921224009
2.80749820942292
3.64368429854123
4.5508587869102
5.02016799332867
5.34369050232191
5.15665527885432
3.95882412151006
3.20758518384926
4.54477013444012
8.42659271124209
4.28857524812659
6.09309151977671
5.94232815460263
5.64584913532942
4.38086738135484
6.02669908260167
4.78144398488308
6.34988226240538
5.52699837605487
5.23328396486927
5.15363757579699
6.37198232007985
4.87424120265401
4.74564743364918
5.39914253363635
2.90388723797181
4.26506238640199
3.81362077362335
6.20367021870268
5.33519787834693
6.05120743110388
5.76373198760524
7.48070016931077
4.2330670429852
5.59889536405642
4.87830235555582
6.44897365214202
4.47169016496213
5.54603667090145
4.24962260131896
5.4353019358783
4.25764636114469
5.40297833108748
7.91902617180838
4.97207235910245
4.19427332605272
7.22084617674293
4.24280981274226
4.21797593456276
3.6735569586271
3.85703521984033
5.28008976376362
3.93255583793452
5.72537136357336
4.55872891668937
6.44831412419228
5.62746310584266
4.50895902101131
2.39209982995141
4.84915403706283
5.76676838977645
5.06405303774321
6.07507097076619
6.00302406127481
4.3183917033158
6.03613195478884
5.89490419235729
5.48070998550454
5.42662260600627
5.11695501341018
4.70819633523151
4.28414641939747
4.38243022863456
4.97959093300365
3.75665851826809
5.60408542410821
4.41102509517696
5.88625147806825
3.62461026569046
5.6245014635986
5.23613318866312
4.40967433224615
5.34232210719413
4.21157374302923
5.71720240612843
2.56982011972472
5.86306152326941
4.2458014763025
4.25773566536703
3.11875238138906
5.69934609776292
3.51757065602074
5.5593659984508
4.13681906823618
4.89705168415481
5.10514038929363
4.14288002323728
6.51298531140865
5.57563900382412
4.86089032163802
3.99751327702891
5.89563514381312
4.28478059541803
4.47122387425904
4.49585782547199
6.67781912471637
5.30373741053921
5.4546747490528
5.50755653047163
4.80292851148228
4.68393218151122
3.97032927875341
6.39281287962227
3.69568510025211
4.57561119717935
5.7720175317614
4.61544693547458
3.35121713548613
3.99498670960636
5.55215526564699
4.62570455975237
4.18053555524113
6.02972106487587
5.98990834075987
4.68911034429474
3.95365234667594
6.48046714832666
5.79744850192262
4.74075630882881
4.88223866806062
4.94403114020792
3.93269272688138
4.25361086435775
3.43277993240932
6.13551363335594
4.57979848570318
5.15991667248387
3.67395291041946
7.67133156105036
5.62094018750324
7.00070593671389
2.67215839388081
3.52744215629918
6.23049172420083
3.50155318586732
4.20453435583018
4.92048135113958
7.82671474840494
3.35533260948173
5.54652452197567
5.97468582772224
4.43745409400795
7.73145257404005
3.5563298312988
5.38094762272533
3.32684991320406
6.29249172542667
3.42636556324482
3.10221250969174
3.19227139993387
6.13844545436523
6.06980733527179
6.2095498656396
5.44369866441589
3.29071503638296
5.56665781818242
6.45949003252709
5.37816564616081
5.60158574058315
4.82402632656637
2.85322458316145
4.43888644862673
4.65771878715445
5.84654967024943
3.26848107649235
5.18460777918408
3.99754593663997
4.56099547219944
4.17280645543833
4.37361572191376
5.65655100683589
4.18096745253675
5.71898865806788
4.88549948597689
5.92571327685516
6.28217907865216
5.78340583421545
6.47331568910285
6.30907894598181
5.50119969703712
6.3527389897126
5.50031943347298
4.28537302489299
4.69989649544966
6.66903622509129
6.52953977659659
4.79145652528125
4.83019449345114
5.78777843808741
5.74602238225646
4.34983299827401
4.86555164646408
5.93593650960431
5.48874519621523
6.83110940453238
5.53952345877585
4.13687882288343
5.21931547665095
4.74610489519282
4.76366537211765
5.26348479059914
4.41151084439275
4.62035380280689
4.08564352140649
3.82354445218906
6.49072392040941
2.88705875872306
5.88530717815046
3.99186398541009
5.11928269453184
5.08388785030759
4.15837460804798
3.28151933455436
4.94573126908622
4.12354840644767
5.66436384816236
4.53656723662756
6.4516342128691
4.87548594417134
5.29058768554049
4.69755768941378
4.53222299053828
3.95309322493933
5.11357338343615
6.39930717874373
5.17072428927568
5.3487008062807
4.22778011203717
5.57463451621452
4.01440264221401
4.33953668036246
5.84361548093668
6.63636892130167
5.5655694772919
4.43371537942307
4.74516320940679
4.9776489344869
2.78915299903803
5.11309467690755
4.70272509686655
4.38842900820056
6.02182448264503
3.54158128227181
4.91486640701339
7.36119730896108
7.2822145118099
3.75010912342667
5.29647796199228
4.97843898127373
4.17022149053339
5.10077591626445
5.57453589468866
4.64749697528236
6.05474570542567
6.59426280873964
5.74262671490741
5.57374673757088
4.57510122142753
4.95743130368798
4.7270861853523
6.72800563337849
6.20513564161372
4.82101562274696
4.75161308760964
4.3430496128241
5.756181983522
5.15994502505099
3.64509630339322
4.42433377145744
2.45232487701688
6.24660391481437
5.40819922708568
5.33191283214867
3.57601500980932
5.1446134147397
7.19850367186969
3.35943524728448
4.86335929168923
5.5711261738841
4.89379488803288
3.39967828574595
6.84327960769754
4.04795403654942
3.57756109210321
5.05487981272498
5.78849904082173
5.02524498187383
4.05047364017249
3.50100145490369
3.52600211241882
2.72852966313177
3.85296292997908
6.25422248742999
6.00784783447281
5.40874116807866
5.67814249094057
5.75496425845606
6.67737611722515
5.20975075816475
5.54067045413194
6.36084433894504
5.06736934261566
6.20070189549391
4.06437602867617
5.5998849743505
4.49038092672561
5.28025903289768
6.91399746290368
5.09080981666642
5.65079603715845
4.61726336411686
5.43283259650848
5.40171391509849
3.73958229193425
4.56972669250176
8.14219783321176
6.37858667195033
6.35987469990905
6.21940487898074
4.01585174337988
4.77391429747659
4.81982686947594
4.73841165094405
5.18177895282533
3.69030057047449
5.2140470641996
6.82284906654286
5.75024354943259
2.925005154408
5.54514378648434
4.74697962675334
4.79359659831208
3.76215978864704
4.46408682235498
5.75516171327709
3.78716635468584
4.25153129009748
6.33550107195207
3.8309553987507
5.1935934987054
4.4847793464201
4.61777079930126
4.98380886197897
3.84150860938271
4.13650036019232
4.95129671119971
6.60805934124184
4.47170427164076
6.1278227279871
7.32284270945571
6.92758729232682
5.57811627454574
4.52764097099901
5.1013182260176
5.66032650955547
3.922127794333
3.1374863357514
4.89649074676126
4.95112724335708
6.32117776984906
5.40075414444047
5.20578301486286
6.44478688790918
5.67710342940227
5.19666312938857
4.82712731954154
2.63133626049703
3.94431998933661
4.91394087489574
4.47609907324657
4.85231557981425
5.004447715088
3.59722243780551
5.27844374499002
6.64771026423156
5.73105105963824
5.45101137220109
6.11257060276239
3.69210009698955
4.66023836680122
4.84964056751706
5.51705643040247
5.06089017669218
4.43268078114592
3.91946183164733
4.73388862712885
5.49704834243662
4.09335964906742
4.27893500990942
4.55658676383101
6.26463431130714
4.5313185592123
5.87396616792873
4.20355232606014
4.39064977490458
5.05524481289031
5.00958526802024
5.55096281260366
5.46465674683436
4.45142590464666
3.37392567648041
3.28976419852149
5.9547830042607
5.810998300558
5.10680674257176
4.30909048923643
4.46916828505065
5.06433498055291
5.04141373093671
5.54020325273311
5.21202231095881
4.6790766478952
3.85588209610513
4.57996916967161
3.82783671690106
3.81997404427972
5.64085550470297
5.43070534266093
5.10324310738545
5.92578985717956
6.21728801166513
5.5593909945904
4.60920313786198
4.94917734080962
5.4780368631297
6.44299017303086
5.9858403338222
6.67923680868194
3.99402888323163
4.39352579052066
4.47614626263626
4.3247634721013
7.30862605876713
5.66518170623961
3.93686922134536
5.99054490193248
2.93307295921834
4.78333140245322
4.72778305971405
4.85306118772922
4.79632607068004
6.43852825163254
5.18997589400197
5.01845573953188
5.35910118219302
4.38930510700081
4.64052895650196
5.190248624829
6.54070092203046
5.53266857475122
5.70278954106842
5.08536971328981
6.75513887917662
5.04879934182923
6.02435263591167
4.7761065590202
5.15184032405982
6.02742552313959
5.89444378495631
4.81696500043886
4.19300947580381
3.10392406914688
4.87689462841318
5.77594241720229
5.51568451456035
5.670164514165
6.16725050167288
2.88034484328341
5.1886124680425
4.71946731292167
5.44790388409926
5.69582991463658
4.52870972609147
4.09498034659183
5.03551565173693
3.77449602930391
3.80608403364189
5.40081428706618
6.58049650403504
5.14939854204305
4.59687067568395
6.79280546256342
4.99420699235746
5.80271486578336
6.31512250939529
4.05362527251067
7.61592626327753
7.18299605842816
4.13642497599106
6.08915171885887
4.61617971024481
5.26648323900891
5.68448413644228
6.41745747384699
6.13671343253402
5.84341160302589
2.36048711441318
5.19065911379442
4.83938718690908
6.20828458952018
3.8802535866753
4.05655133398092
6.20222869258926
6.81489817246184
4.61769991150962
5.40418048543948
5.36989060085498
6.6185394840261
6.04419574060974
4.76581814804864
3.16031131484919
5.062554611588
5.80193170405618
3.8833735207986
3.04544501750343
3.48563625816517
5.1361661052817
4.59436351984841
5.80809658041965
5.85396093259347
4.98749865671106
6.00982554266496
4.88298677611476
5.33089527873123
4.74906002300299
4.30641158148611
4.77257204237033
5.96231077269524
5.0768148685281
4.52516095473523
4.46353766901448
4.88594575008895
6.02254856304273
4.13458804053593
5.77353795183149
4.09883822008044
5.3247978618235
3.86013224280511
5.07816884615361
5.94289846993994
5.26141553986536
6.57268528897657
3.93980553020549
5.79573453531149
5.0427803657214
3.43434880498505
4.36157494784285
3.42949591672579
5.24996878374677
3.49387373256241
4.89051904416423
3.87773719880522
4.33933087531357
7.27937994716901
4.92141737760889
5.21522851110189
5.69065180009815
5.36518306557732
5.24899893918619
3.42402613521873
5.01158670218667
5.75161483483857
4.46388852267297
4.96592174693951
5.75812352845214
4.22986748163912
6.58034084348808
4.13991240578402
6.9457942893111
3.58508131777096
5.85050868886729
4.79049631764907
5.37444380531662
3.73632228960332
4.77077780968275
4.2101341013114
4.31900308969354
5.96143495800258
4.5373637567903
3.34417586454382
4.86630248150893
5.00375291311742
4.40798576381095
4.38181366527715
5.45230259246368
4.45700095884405
5.06914722193009
3.85284997505814
5.13890906811993
4.88802680612557
5.7131802949185
5.84059332773755
6.38499548177422
3.63323856844402
4.25883838578631
3.82648347582988
5.00451285175588
5.31110783222818
5.02479607906832
5.97358840984269
3.68261732680126
6.03521071239304
5.26283437897756
4.0640155976907
4.0932408605967
4.54042174295649
4.67588292691162
4.70813305791953
5.94115696129189
5.07889971090306
5.82673765928822
4.29906009405425
4.6798494910609
3.51046062242694
6.19598951532391
4.14983183441319
6.2103339521562
4.58018101046047
5.33513143826341
4.13042472828566
4.90403878231191
3.55266708595391
4.36463764868055
6.58011450752424
5.89861734974154
4.57313741094645
5.87556030535469
5.10935157198176
5.45084613315872
6.1022451785097
5.13763630183844
5.19246816860004
5.01167011686567
5.50169348105049
5.41793380181491
6.01763816555503
5.51682494693183
6.29635998537345
5.12411612271476
5.26865739987425
3.17832305791807
5.40199392537811
4.9559596460393
7.12375246250182
5.13646060362444
4.50677670957231
5.51407231047294
4.21497386197016
4.96099566000417
5.12292419439142
2.97277176650455
5.05878778932856
4.79888504588219
4.91889710244851
3.99746908927734
5.28833988764255
6.7946705129716
5.72759212215568
6.89260220162282
4.56671671829838
4.8196285749666
5.34383654120181
5.10743208076256
5.73938965936807
4.6793367097994
5.78322022102954
5.46251898151489
5.67242812527421
5.27111064945052
5.57415034265974
4.98840500372159
4.45358381834497
